0003107
0006315
0006618
0007721
0008319
0011813
0012310
0013009
0013413
0013716
0014011
0014314
0015114
0015619
0016722
0017017
0017522
0019526
0020006
0023113
0025622
0027626
0028022
0032114
0032821
0032922
0035019
0038227
0042521
0043523
0044020
0046933
0049434
0053829
0057231
0063832
0064733
0067436
0071326
0074635
0074837
0078643
0079847
0080428
0084739
0085640
0088747
0091332
0091534
0092940
0094136
0094338
0095643
0095744
0099651
0100004
0103313
0106420
0107220
0108121
0108525
0109224
0109325
0110007
0110310
0110916
0111716
0111817
0112011
0112920
0116625
0116726
0118225
0118730
0118831
0119025
0119227
0120717
0120818
0122620
0124321
0125121
0126527
0126628
0127024
0128329
0128935
0129331
0130215
0131217
0131722
0135730
0136429
0140521
0141624
0142929
0145430
0145834
0147333
0147636
0148941
0150120
0151930
0153328
0155736
0158843
0160022
0163028
0163230
0163432
0163735
0166034
0166741
0168240
0168947
0171431
0175843
0177342
0177544
0177746
0178647
0182436
0184238
0185442
0187446
0189349
0191437
0191942
0192237
0192641
0193138
0196043
0197752
0199554
0203115
0204319
0204420
0205624
0209127
0209733
0212520
0215122
0220923
0221420
0222220
0224628
0224931
0225327
0228333
0228838
0231221
0232829
0233326
0237738
0238942
0240727
0244028
0244331
0244533
0250427
0258140
0258443
0258948
0261230
0262939
0267646
0269852
0269953
0272740
0274744
0276344
0278752
0282339
0285951
0286145
0286953
0301519
0304020
0306731
0310318
0314831
0316835
0317231
0318839
0320826
0334837
0335031
0346743
0350936
0352233
0363945
0364038
0367650
0375447
0377350
0381947
0390443
0391243
0391748
0392851
0394956
0395756
0396556
0398560
0400016
0400117
0403123
0407030
0408234
0410120
0410221
0410726
0411627
0414431
0414734
0415130
0415433
0417639
0419845
0421933
0425032
0425537